id_student,highest_education,final_result,1752,1753,1754,1755,1756,1757,S1752,S1753,S1754,S1755,S1756,S1757,TSC,TDC,excellent,qualified,AS,EwC
11391,HE Qualification,Pass,1.0,1.0,1.0,1.0,1.0,0.0,78.0,85.0,80.0,85.0,82.0,0.0,934.0,196.0,1.0,1.0,0.0,1.0
28400,HE Qualification,Pass,1.0,1.0,1.0,1.0,1.0,0.0,70.0,68.0,70.0,64.0,60.0,0.0,1435.0,430.0,1.0,1.0,0.0,1.0
30268,A Level or Equivalent,Withdrawn,0.0,0.0,0.0,0.0,0.0,0.0,0.0,0.0,0.0,0.0,0.0,0.0,281.0,76.0,0.0,0.0,0.0,0.0
31604,A Level or Equivalent,Pass,1.0,1.0,1.0,1.0,1.0,0.0,72.0,71.0,74.0,88.0,75.0,0.0,2158.0,663.0,1.0,1.0,1.0,1.0
32885,Lower Than A Level,Pass,1.0,1.0,1.0,1.0,1.0,0.0,69.0,30.0,63.0,35.0,75.0,0.0,1034.0,352.0,0.0,1.0,0.0,0.0
38053,A Level or Equivalent,Pass,1.0,1.0,1.0,1.0,1.0,0.0,79.0,69.0,74.0,50.0,68.0,0.0,2445.0,723.0,1.0,1.0,1.0,1.0
45462,HE Qualification,Pass,1.0,1.0,1.0,1.0,1.0,0.0,70.0,65.0,62.0,75.0,68.0,0.0,1492.0,355.0,1.0,1.0,0.0,1.0
45642,A Level or Equivalent,Pass,1.0,1.0,1.0,1.0,1.0,0.0,72.0,72.0,72.0,73.0,73.0,0.0,1428.0,531.0,1.0,1.0,0.0,1.0
52130,A Level or Equivalent,Pass,1.0,1.0,1.0,1.0,1.0,0.0,72.0,68.0,75.0,72.0,70.0,0.0,1894.0,593.0,1.0,1.0,1.0,1.0
53025,Post Graduate Qualification,Pass,1.0,1.0,1.0,1.0,1.0,0.0,71.0,80.0,78.0,80.0,81.0,0.0,3158.0,904.0,1.0,1.0,1.0,1.0
57506,Lower Than A Level,Pass,1.0,1.0,1.0,1.0,1.0,0.0,68.0,76.0,78.0,80.0,68.0,0.0,1319.0,403.0,1.0,1.0,0.0,1.0
58873,A Level or Equivalent,Pass,1.0,1.0,1.0,1.0,1.0,0.0,73.0,74.0,68.0,73.0,78.0,0.0,1732.0,526.0,1.0,1.0,0.0,1.0
59185,Lower Than A Level,Pass,1.0,1.0,1.0,1.0,1.0,0.0,67.0,71.0,78.0,88.0,89.0,0.0,1102.0,345.0,1.0,1.0,0.0,1.0
62155,HE Qualification,Pass,1.0,1.0,1.0,1.0,1.0,0.0,73.0,85.0,75.0,70.0,77.0,0.0,3388.0,981.0,1.0,1.0,1.0,1.0
63400,Lower Than A Level,Pass,1.0,1.0,1.0,1.0,1.0,0.0,83.0,42.0,78.0,76.0,79.0,0.0,2737.0,760.0,1.0,1.0,1.0,1.0
65002,A Level or Equivalent,Withdrawn,1.0,1.0,0.0,0.0,0.0,0.0,66.0,68.0,0.0,0.0,0.0,0.0,176.0,56.0,1.0,0.0,0.0,1.0
70464,A Level or Equivalent,Pass,1.0,1.0,1.0,1.0,1.0,0.0,59.0,60.0,60.0,61.0,38.0,0.0,1053.0,205.0,0.0,1.0,0.0,0.0
71361,HE Qualification,Pass,1.0,1.0,1.0,1.0,1.0,0.0,82.0,86.0,82.0,77.0,75.0,0.0,2327.0,728.0,1.0,1.0,1.0,1.0
74372,A Level or Equivalent,Fail,1.0,1.0,1.0,1.0,0.0,0.0,60.0,18.0,67.0,49.0,0.0,0.0,116.0,72.0,0.0,0.0,0.0,0.0
75091,A Level or Equivalent,Pass,1.0,1.0,1.0,1.0,1.0,0.0,67.0,66.0,67.0,65.0,65.0,0.0,2992.0,754.0,1.0,1.0,1.0,1.0
77367,A Level or Equivalent,Pass,1.0,1.0,1.0,1.0,1.0,0.0,73.0,76.0,72.0,67.0,64.0,0.0,680.0,271.0,1.0,1.0,0.0,1.0
91265,HE Qualification,Pass,1.0,1.0,1.0,1.0,1.0,0.0,75.0,74.0,75.0,73.0,57.0,0.0,1494.0,496.0,1.0,1.0,0.0,1.0
94961,Lower Than A Level,Withdrawn,1.0,0.0,0.0,0.0,0.0,0.0,74.0,0.0,0.0,0.0,0.0,0.0,1240.0,417.0,1.0,0.0,0.0,1.0
98094,Lower Than A Level,Pass,1.0,1.0,1.0,1.0,1.0,0.0,62.0,59.0,59.0,61.0,62.0,0.0,2839.0,386.0,1.0,1.0,1.0,1.0
100893,A Level or Equivalent,Pass,1.0,1.0,1.0,1.0,1.0,0.0,63.0,68.0,71.0,74.0,66.0,0.0,744.0,243.0,1.0,1.0,0.0,1.0
101781,Lower Than A Level,Pass,1.0,1.0,1.0,1.0,1.0,0.0,84.0,64.0,75.0,66.0,74.0,0.0,4104.0,913.0,1.0,1.0,1.0,1.0
102806,A Level or Equivalent,Pass,1.0,1.0,1.0,1.0,1.0,0.0,80.0,86.0,86.0,78.0,60.0,0.0,1944.0,781.0,1.0,1.0,1.0,1.0
102952,HE Qualification,Pass,1.0,1.0,1.0,1.0,1.0,0.0,76.0,70.0,83.0,73.0,81.0,0.0,1150.0,313.0,1.0,1.0,0.0,1.0
104476,Post Graduate Qualification,Pass,1.0,1.0,1.0,1.0,1.0,0.0,85.0,78.0,80.0,77.0,78.0,0.0,4777.0,992.0,1.0,1.0,1.0,1.0
106247,HE Qualification,Withdrawn,1.0,1.0,1.0,0.0,0.0,0.0,67.0,66.0,47.0,0.0,0.0,0.0,465.0,145.0,0.0,0.0,0.0,0.0
106577,Lower Than A Level,Pass,1.0,1.0,1.0,1.0,1.0,0.0,57.0,51.0,56.0,38.0,65.0,0.0,733.0,221.0,0.0,1.0,0.0,0.0
110175,HE Qualification,Pass,1.0,1.0,1.0,1.0,1.0,0.0,66.0,61.0,68.0,53.0,69.0,0.0,998.0,343.0,1.0,1.0,0.0,1.0
111717,HE Qualification,Pass,1.0,0.0,1.0,0.0,1.0,0.0,80.0,0.0,80.0,0.0,83.0,0.0,2343.0,589.0,1.0,1.0,1.0,1.0
113295,Lower Than A Level,Pass,1.0,1.0,1.0,1.0,1.0,0.0,81.0,77.0,77.0,75.0,78.0,0.0,3553.0,1001.0,1.0,1.0,1.0,1.0
114017,Post Graduate Qualification,Pass,1.0,1.0,1.0,1.0,1.0,0.0,66.0,76.0,74.0,72.0,71.0,0.0,757.0,231.0,1.0,1.0,0.0,1.0
114999,HE Qualification,Pass,1.0,1.0,1.0,1.0,1.0,0.0,74.0,79.0,77.0,80.0,54.0,0.0,1358.0,510.0,1.0,1.0,0.0,1.0
116541,HE Qualification,Pass,1.0,1.0,1.0,1.0,1.0,0.0,76.0,66.0,60.0,60.0,50.0,0.0,1886.0,514.0,1.0,1.0,1.0,1.0
116692,A Level or Equivalent,Pass,1.0,1.0,1.0,1.0,1.0,0.0,72.0,77.0,72.0,78.0,72.0,0.0,1108.0,311.0,1.0,1.0,0.0,1.0
118983,HE Qualification,Pass,1.0,1.0,1.0,1.0,1.0,0.0,73.0,63.0,65.0,63.0,45.0,0.0,284.0,111.0,1.0,1.0,0.0,1.0
123044,A Level or Equivalent,Pass,1.0,1.0,1.0,1.0,1.0,0.0,75.0,72.0,72.0,70.0,68.0,0.0,2041.0,600.0,1.0,1.0,1.0,1.0
127582,A Level or Equivalent,Pass,1.0,1.0,1.0,1.0,1.0,0.0,69.0,66.0,71.0,75.0,67.0,0.0,1321.0,440.0,1.0,1.0,0.0,1.0
129955,A Level or Equivalent,Withdrawn,1.0,1.0,1.0,0.0,0.0,0.0,85.0,82.0,76.0,0.0,0.0,0.0,1888.0,537.0,1.0,0.0,1.0,1.0
132976,Lower Than A Level,Pass,1.0,1.0,1.0,1.0,1.0,0.0,63.0,65.0,75.0,72.0,62.0,0.0,520.0,152.0,1.0,1.0,0.0,1.0
134143,A Level or Equivalent,Distinction,1.0,1.0,1.0,1.0,1.0,0.0,87.0,83.0,85.0,86.0,81.0,0.0,2732.0,569.0,1.0,0.0,1.0,1.0
135335,Lower Than A Level,Withdrawn,0.0,0.0,0.0,0.0,0.0,0.0,0.0,0.0,0.0,0.0,0.0,0.0,73.0,34.0,0.0,0.0,0.0,0.0
135400,Lower Than A Level,Withdrawn,1.0,1.0,0.0,0.0,0.0,0.0,72.0,51.0,0.0,0.0,0.0,0.0,610.0,202.0,1.0,0.0,0.0,1.0
137873,A Level or Equivalent,Pass,1.0,1.0,1.0,1.0,1.0,0.0,72.0,81.0,83.0,78.0,87.0,0.0,5528.0,1409.0,1.0,1.0,1.0,1.0
141355,A Level or Equivalent,Pass,1.0,1.0,1.0,1.0,1.0,0.0,77.0,74.0,70.0,71.0,71.0,0.0,1823.0,585.0,1.0,1.0,1.0,1.0
141377,A Level or Equivalent,Withdrawn,1.0,0.0,0.0,0.0,0.0,0.0,45.0,0.0,0.0,0.0,0.0,0.0,756.0,250.0,0.0,0.0,0.0,0.0
142326,A Level or Equivalent,Pass,1.0,1.0,1.0,1.0,1.0,0.0,65.0,76.0,74.0,71.0,82.0,0.0,2121.0,631.0,1.0,1.0,1.0,1.0
144801,HE Qualification,Pass,1.0,1.0,1.0,1.0,1.0,0.0,61.0,64.0,65.0,75.0,79.0,0.0,5645.0,1620.0,1.0,1.0,1.0,1.0
145130,HE Qualification,Pass,1.0,1.0,1.0,1.0,1.0,0.0,75.0,37.0,49.0,48.0,63.0,0.0,452.0,149.0,0.0,1.0,0.0,0.0
146188,A Level or Equivalent,Fail,1.0,1.0,1.0,1.0,1.0,0.0,52.0,53.0,62.0,43.0,40.0,0.0,597.0,192.0,0.0,0.0,0.0,0.0
147756,Lower Than A Level,Fail,1.0,1.0,1.0,1.0,0.0,0.0,77.0,72.0,75.0,71.0,0.0,0.0,1718.0,590.0,1.0,0.0,0.0,1.0
147793,Lower Than A Level,Withdrawn,1.0,0.0,0.0,0.0,0.0,0.0,52.0,0.0,0.0,0.0,0.0,0.0,155.0,41.0,0.0,0.0,0.0,0.0
148993,A Level or Equivalent,Withdrawn,1.0,1.0,1.0,0.0,0.0,0.0,68.0,70.0,78.0,0.0,0.0,0.0,3812.0,1272.0,1.0,0.0,1.0,1.0
151358,A Level or Equivalent,Pass,1.0,1.0,1.0,1.0,1.0,0.0,54.0,48.0,45.0,53.0,50.0,0.0,270.0,89.0,0.0,1.0,0.0,0.0
155550,A Level or Equivalent,Pass,1.0,1.0,1.0,1.0,1.0,0.0,75.0,66.0,68.0,61.0,65.0,0.0,1529.0,419.0,1.0,1.0,0.0,1.0
155854,A Level or Equivalent,Pass,1.0,1.0,1.0,1.0,1.0,0.0,82.0,79.0,79.0,81.0,78.0,0.0,4003.0,963.0,1.0,1.0,1.0,1.0
155984,Lower Than A Level,Withdrawn,1.0,1.0,0.0,0.0,0.0,0.0,85.0,75.0,0.0,0.0,0.0,0.0,2645.0,806.0,1.0,0.0,1.0,1.0
157568,A Level or Equivalent,Pass,1.0,1.0,1.0,1.0,1.0,0.0,79.0,81.0,74.0,60.0,59.0,0.0,1405.0,386.0,1.0,1.0,0.0,1.0
159954,A Level or Equivalent,Withdrawn,1.0,1.0,0.0,0.0,0.0,0.0,65.0,68.0,0.0,0.0,0.0,0.0,2062.0,648.0,1.0,0.0,1.0,1.0
164259,A Level or Equivalent,Pass,1.0,1.0,1.0,1.0,1.0,0.0,82.0,58.0,78.0,73.0,68.0,0.0,466.0,239.0,1.0,1.0,0.0,1.0
167906,A Level or Equivalent,Pass,1.0,1.0,1.0,1.0,1.0,0.0,60.0,58.0,82.0,72.0,75.0,0.0,1510.0,515.0,1.0,1.0,0.0,1.0
168936,Lower Than A Level,Pass,1.0,1.0,1.0,1.0,1.0,0.0,76.0,79.0,62.0,54.0,61.0,0.0,745.0,302.0,1.0,1.0,0.0,1.0
172112,HE Qualification,Pass,1.0,1.0,1.0,1.0,1.0,0.0,60.0,67.0,74.0,72.0,75.0,0.0,1939.0,697.0,1.0,1.0,1.0,1.0
172797,A Level or Equivalent,Pass,1.0,1.0,1.0,1.0,1.0,0.0,60.0,54.0,67.0,66.0,60.0,0.0,1782.0,415.0,1.0,1.0,0.0,1.0
174782,HE Qualification,Pass,1.0,1.0,1.0,1.0,1.0,0.0,83.0,79.0,77.0,83.0,80.0,0.0,6318.0,1643.0,1.0,1.0,1.0,1.0
175392,HE Qualification,Pass,1.0,1.0,1.0,1.0,1.0,0.0,85.0,74.0,82.0,93.0,78.0,0.0,4447.0,1311.0,1.0,1.0,1.0,1.0
175932,HE Qualification,Pass,1.0,1.0,1.0,1.0,1.0,0.0,76.0,73.0,78.0,82.0,82.0,0.0,2016.0,437.0,1.0,1.0,1.0,1.0
175991,A Level or Equivalent,Fail,1.0,1.0,1.0,1.0,1.0,0.0,51.0,28.0,42.0,32.0,35.0,0.0,138.0,50.0,0.0,0.0,0.0,0.0
180753,A Level or Equivalent,Pass,1.0,1.0,1.0,1.0,1.0,0.0,61.0,59.0,44.0,59.0,44.0,0.0,2012.0,858.0,0.0,1.0,1.0,0.0
181316,A Level or Equivalent,Withdrawn,1.0,0.0,0.0,0.0,0.0,0.0,76.0,0.0,0.0,0.0,0.0,0.0,487.0,145.0,1.0,0.0,0.0,1.0
183096,A Level or Equivalent,Pass,1.0,1.0,1.0,1.0,1.0,0.0,57.0,53.0,51.0,52.0,57.0,0.0,1975.0,547.0,0.0,1.0,1.0,0.0
183947,A Level or Equivalent,Pass,1.0,1.0,1.0,1.0,1.0,0.0,67.0,33.0,48.0,54.0,43.0,0.0,964.0,368.0,0.0,1.0,0.0,0.0
184271,HE Qualification,Pass,1.0,1.0,1.0,1.0,1.0,0.0,65.0,62.0,65.0,53.0,54.0,0.0,1312.0,477.0,0.0,1.0,0.0,0.0
185439,HE Qualification,Fail,1.0,0.0,0.0,0.0,0.0,0.0,74.0,0.0,0.0,0.0,0.0,0.0,427.0,99.0,1.0,0.0,0.0,1.0
186149,HE Qualification,Pass,1.0,1.0,1.0,1.0,1.0,0.0,85.0,81.0,78.0,55.0,81.0,0.0,2136.0,585.0,1.0,1.0,1.0,1.0
187100,A Level or Equivalent,Distinction,1.0,1.0,1.0,1.0,1.0,0.0,88.0,90.0,88.0,90.0,90.0,0.0,8562.0,1922.0,1.0,0.0,1.0,1.0
188278,A Level or Equivalent,Withdrawn,1.0,0.0,0.0,0.0,0.0,0.0,76.0,0.0,0.0,0.0,0.0,0.0,4497.0,1491.0,1.0,0.0,1.0,1.0
189879,A Level or Equivalent,Pass,1.0,1.0,1.0,1.0,1.0,0.0,76.0,85.0,83.0,83.0,70.0,0.0,1541.0,442.0,1.0,1.0,0.0,1.0
192183,Lower Than A Level,Pass,1.0,1.0,1.0,1.0,1.0,0.0,75.0,66.0,68.0,75.0,58.0,0.0,3219.0,804.0,1.0,1.0,1.0,1.0
195262,A Level or Equivalent,Withdrawn,0.0,0.0,1.0,0.0,0.0,0.0,0.0,0.0,50.0,0.0,0.0,0.0,1905.0,352.0,0.0,0.0,1.0,0.0
200860,Lower Than A Level,Pass,1.0,1.0,1.0,1.0,1.0,0.0,69.0,58.0,59.0,53.0,33.0,0.0,534.0,280.0,0.0,1.0,0.0,0.0
202635,A Level or Equivalent,Withdrawn,1.0,1.0,1.0,0.0,0.0,0.0,68.0,70.0,62.0,0.0,0.0,0.0,1418.0,297.0,1.0,0.0,0.0,1.0
205350,HE Qualification,Pass,1.0,1.0,1.0,1.0,1.0,0.0,75.0,59.0,87.0,65.0,75.0,0.0,1665.0,563.0,1.0,1.0,0.0,1.0
205719,A Level or Equivalent,Fail,1.0,1.0,1.0,0.0,0.0,0.0,67.0,63.0,40.0,0.0,0.0,0.0,333.0,117.0,0.0,0.0,0.0,0.0
227499,A Level or Equivalent,Distinction,1.0,1.0,1.0,1.0,1.0,0.0,84.0,83.0,84.0,84.0,83.0,0.0,2953.0,807.0,1.0,0.0,1.0,1.0
227517,HE Qualification,Fail,1.0,1.0,1.0,1.0,1.0,0.0,63.0,67.0,66.0,63.0,54.0,0.0,1205.0,387.0,1.0,0.0,0.0,1.0
228082,HE Qualification,Pass,1.0,1.0,1.0,1.0,1.0,0.0,58.0,68.0,77.0,77.0,82.0,0.0,227.0,136.0,1.0,1.0,0.0,1.0
228222,Lower Than A Level,Pass,1.0,1.0,1.0,1.0,1.0,0.0,71.0,45.0,67.0,66.0,60.0,0.0,445.0,166.0,1.0,1.0,0.0,1.0
229179,A Level or Equivalent,Pass,1.0,1.0,1.0,1.0,1.0,0.0,64.0,68.0,70.0,73.0,55.0,0.0,614.0,163.0,1.0,1.0,0.0,1.0
229361,A Level or Equivalent,Pass,1.0,1.0,1.0,1.0,1.0,0.0,81.0,76.0,75.0,82.0,76.0,0.0,1215.0,349.0,1.0,1.0,0.0,1.0
231554,A Level or Equivalent,Pass,1.0,1.0,1.0,0.0,1.0,0.0,80.0,62.0,63.0,0.0,66.0,0.0,1839.0,435.0,1.0,1.0,1.0,1.0
235507,A Level or Equivalent,Withdrawn,1.0,0.0,0.0,0.0,0.0,0.0,65.0,0.0,0.0,0.0,0.0,0.0,1257.0,572.0,1.0,0.0,0.0,1.0
236284,Post Graduate Qualification,Pass,1.0,1.0,1.0,1.0,1.0,0.0,85.0,84.0,83.0,78.0,60.0,0.0,732.0,210.0,1.0,1.0,0.0,1.0
238007,HE Qualification,Pass,1.0,1.0,1.0,1.0,1.0,0.0,83.0,73.0,68.0,86.0,86.0,0.0,1935.0,743.0,1.0,1.0,1.0,1.0
240712,HE Qualification,Pass,1.0,1.0,1.0,1.0,1.0,0.0,82.0,81.0,80.0,70.0,66.0,0.0,321.0,107.0,1.0,1.0,0.0,1.0
240884,A Level or Equivalent,Pass,1.0,1.0,1.0,1.0,1.0,0.0,74.0,54.0,56.0,54.0,54.0,0.0,427.0,191.0,0.0,1.0,0.0,0.0
241649,HE Qualification,Pass,1.0,1.0,1.0,1.0,1.0,0.0,85.0,66.0,80.0,78.0,85.0,0.0,1892.0,573.0,1.0,1.0,1.0,1.0
241729,HE Qualification,Fail,1.0,1.0,1.0,1.0,1.0,0.0,51.0,55.0,62.0,64.0,61.0,0.0,1829.0,627.0,0.0,0.0,1.0,0.0
242793,HE Qualification,Pass,1.0,1.0,1.0,1.0,1.0,0.0,66.0,75.0,77.0,85.0,84.0,0.0,658.0,263.0,1.0,1.0,0.0,1.0
246834,A Level or Equivalent,Pass,1.0,1.0,1.0,1.0,1.0,0.0,60.0,56.0,58.0,52.0,52.0,0.0,1174.0,351.0,0.0,1.0,0.0,0.0
248270,Lower Than A Level,Pass,1.0,1.0,1.0,1.0,1.0,0.0,77.0,79.0,74.0,80.0,82.0,0.0,1969.0,752.0,1.0,1.0,1.0,1.0
255548,Lower Than A Level,Pass,1.0,1.0,1.0,1.0,1.0,0.0,84.0,75.0,84.0,60.0,54.0,0.0,2580.0,815.0,1.0,1.0,1.0,1.0
256815,HE Qualification,Pass,1.0,1.0,1.0,1.0,1.0,0.0,71.0,75.0,79.0,79.0,80.0,0.0,1481.0,518.0,1.0,1.0,0.0,1.0
258392,Lower Than A Level,Pass,1.0,1.0,1.0,1.0,1.0,0.0,58.0,57.0,64.0,54.0,61.0,0.0,844.0,299.0,0.0,1.0,0.0,0.0
258894,Lower Than A Level,Pass,1.0,1.0,1.0,1.0,1.0,0.0,58.0,65.0,75.0,72.0,54.0,0.0,4963.0,1370.0,1.0,1.0,1.0,1.0
260355,A Level or Equivalent,Withdrawn,1.0,1.0,1.0,0.0,0.0,0.0,55.0,60.0,0.0,0.0,0.0,0.0,426.0,134.0,0.0,0.0,0.0,0.0
262011,A Level or Equivalent,Pass,1.0,1.0,1.0,1.0,1.0,0.0,60.0,79.0,70.0,75.0,71.0,0.0,1066.0,345.0,1.0,1.0,0.0,1.0
262934,A Level or Equivalent,Pass,1.0,1.0,1.0,1.0,1.0,0.0,81.0,80.0,75.0,72.0,75.0,0.0,2407.0,717.0,1.0,1.0,1.0,1.0
268073,A Level or Equivalent,Fail,1.0,1.0,1.0,1.0,1.0,0.0,64.0,78.0,83.0,75.0,73.0,0.0,3210.0,716.0,1.0,0.0,1.0,1.0
268733,A Level or Equivalent,Withdrawn,1.0,0.0,1.0,0.0,0.0,0.0,51.0,0.0,35.0,0.0,0.0,0.0,191.0,56.0,0.0,0.0,0.0,0.0
271251,A Level or Equivalent,Pass,1.0,1.0,1.0,1.0,1.0,0.0,80.0,62.0,72.0,83.0,85.0,0.0,3348.0,639.0,1.0,1.0,1.0,1.0
277880,A Level or Equivalent,Withdrawn,1.0,1.0,1.0,0.0,0.0,0.0,70.0,65.0,68.0,0.0,0.0,0.0,2028.0,477.0,1.0,0.0,1.0,1.0
279572,Lower Than A Level,Distinction,1.0,1.0,1.0,1.0,1.0,0.0,79.0,82.0,73.0,79.0,83.0,0.0,1183.0,297.0,1.0,0.0,0.0,1.0
281022,A Level or Equivalent,Pass,1.0,1.0,1.0,1.0,1.0,0.0,70.0,72.0,74.0,77.0,74.0,0.0,492.0,183.0,1.0,1.0,0.0,1.0
281250,Lower Than A Level,Fail,1.0,1.0,1.0,1.0,1.0,0.0,63.0,57.0,65.0,40.0,52.0,0.0,130.0,77.0,0.0,0.0,0.0,0.0
281589,HE Qualification,Fail,0.0,0.0,0.0,0.0,0.0,0.0,0.0,0.0,0.0,0.0,0.0,0.0,59.0,28.0,0.0,0.0,0.0,0.0
282821,A Level or Equivalent,Pass,1.0,1.0,1.0,1.0,1.0,0.0,61.0,53.0,72.0,74.0,43.0,0.0,1961.0,478.0,1.0,1.0,1.0,1.0
286488,A Level or Equivalent,Pass,1.0,1.0,1.0,1.0,1.0,0.0,55.0,73.0,77.0,70.0,80.0,0.0,1046.0,284.0,1.0,1.0,0.0,1.0
287548,A Level or Equivalent,Pass,1.0,1.0,1.0,1.0,1.0,0.0,69.0,70.0,60.0,70.0,70.0,0.0,483.0,144.0,1.0,1.0,0.0,1.0
290201,A Level or Equivalent,Pass,1.0,1.0,1.0,1.0,1.0,0.0,78.0,69.0,75.0,58.0,72.0,0.0,1740.0,496.0,1.0,1.0,0.0,1.0
290757,A Level or Equivalent,Pass,1.0,1.0,1.0,1.0,1.0,0.0,75.0,74.0,76.0,80.0,70.0,0.0,652.0,153.0,1.0,1.0,0.0,1.0
291334,A Level or Equivalent,Distinction,1.0,1.0,1.0,1.0,1.0,0.0,85.0,84.0,85.0,86.0,78.0,0.0,5231.0,1879.0,1.0,0.0,1.0,1.0
292923,A Level or Equivalent,Withdrawn,0.0,0.0,0.0,0.0,0.0,0.0,0.0,0.0,0.0,0.0,0.0,0.0,0.0,0.0,0.0,0.0,0.0,0.0
293699,A Level or Equivalent,Pass,0.0,1.0,1.0,1.0,1.0,0.0,0.0,55.0,53.0,38.0,41.0,0.0,187.0,114.0,0.0,1.0,0.0,0.0
294570,HE Qualification,Pass,1.0,1.0,1.0,1.0,1.0,0.0,72.0,82.0,78.0,82.0,77.0,0.0,1775.0,438.0,1.0,1.0,0.0,1.0
294594,A Level or Equivalent,Pass,1.0,1.0,1.0,1.0,1.0,0.0,61.0,53.0,54.0,53.0,43.0,0.0,865.0,256.0,0.0,1.0,0.0,0.0
295741,A Level or Equivalent,Fail,1.0,1.0,1.0,1.0,1.0,0.0,38.0,52.0,52.0,54.0,55.0,0.0,3099.0,1010.0,0.0,0.0,1.0,0.0
296332,Post Graduate Qualification,Distinction,1.0,1.0,1.0,1.0,1.0,0.0,91.0,95.0,94.0,88.0,66.0,0.0,2152.0,511.0,1.0,0.0,1.0,1.0
298696,HE Qualification,Pass,1.0,1.0,1.0,1.0,1.0,0.0,77.0,70.0,85.0,85.0,87.0,0.0,514.0,201.0,1.0,1.0,0.0,1.0
300398,A Level or Equivalent,Pass,1.0,1.0,1.0,1.0,1.0,0.0,82.0,80.0,79.0,76.0,77.0,0.0,1997.0,580.0,1.0,1.0,1.0,1.0
302302,A Level or Equivalent,Fail,1.0,1.0,1.0,0.0,0.0,0.0,58.0,59.0,59.0,0.0,0.0,0.0,513.0,165.0,0.0,0.0,0.0,0.0
305152,A Level or Equivalent,Fail,1.0,0.0,0.0,0.0,0.0,0.0,64.0,0.0,0.0,0.0,0.0,0.0,146.0,44.0,1.0,0.0,0.0,1.0
305386,A Level or Equivalent,Pass,1.0,1.0,1.0,1.0,1.0,0.0,75.0,76.0,83.0,80.0,76.0,0.0,1277.0,368.0,1.0,1.0,0.0,1.0
305539,Lower Than A Level,Withdrawn,0.0,0.0,0.0,0.0,0.0,0.0,0.0,0.0,0.0,0.0,0.0,0.0,68.0,26.0,0.0,0.0,0.0,0.0
306107,A Level or Equivalent,Pass,1.0,1.0,1.0,1.0,1.0,0.0,73.0,46.0,62.0,70.0,40.0,0.0,987.0,322.0,0.0,1.0,0.0,0.0
306466,A Level or Equivalent,Pass,1.0,1.0,1.0,1.0,1.0,0.0,81.0,78.0,88.0,76.0,87.0,0.0,1220.0,378.0,1.0,1.0,0.0,1.0
306897,A Level or Equivalent,Pass,1.0,1.0,1.0,1.0,1.0,0.0,72.0,73.0,74.0,39.0,55.0,0.0,2742.0,1112.0,1.0,1.0,1.0,1.0
307061,HE Qualification,Pass,1.0,1.0,1.0,1.0,1.0,0.0,82.0,76.0,83.0,82.0,83.0,0.0,1081.0,401.0,1.0,1.0,0.0,1.0
307866,A Level or Equivalent,Pass,1.0,1.0,1.0,1.0,0.0,0.0,47.0,52.0,73.0,68.0,0.0,0.0,1476.0,377.0,0.0,1.0,0.0,0.0
311917,A Level or Equivalent,Pass,1.0,1.0,1.0,1.0,1.0,0.0,55.0,46.0,61.0,67.0,67.0,0.0,2230.0,696.0,0.0,1.0,1.0,0.0
312537,Post Graduate Qualification,Distinction,1.0,1.0,1.0,1.0,1.0,0.0,88.0,90.0,88.0,85.0,88.0,0.0,12882.0,1835.0,1.0,0.0,1.0,1.0
312782,A Level or Equivalent,Pass,1.0,1.0,1.0,1.0,1.0,0.0,89.0,54.0,60.0,50.0,56.0,0.0,281.0,106.0,1.0,1.0,0.0,1.0
318933,HE Qualification,Pass,1.0,1.0,1.0,1.0,1.0,0.0,70.0,63.0,62.0,68.0,70.0,0.0,1281.0,460.0,1.0,1.0,0.0,1.0
319047,A Level or Equivalent,Pass,1.0,1.0,1.0,1.0,1.0,0.0,77.0,75.0,81.0,80.0,79.0,0.0,6589.0,1933.0,1.0,1.0,1.0,1.0
321942,HE Qualification,Pass,1.0,1.0,1.0,1.0,1.0,0.0,82.0,80.0,80.0,80.0,80.0,0.0,10083.0,2133.0,1.0,1.0,1.0,1.0
324002,HE Qualification,Pass,1.0,1.0,1.0,1.0,1.0,0.0,85.0,69.0,80.0,85.0,83.0,0.0,1901.0,610.0,1.0,1.0,1.0,1.0
324084,A Level or Equivalent,Pass,1.0,1.0,1.0,1.0,1.0,0.0,58.0,35.0,66.0,72.0,57.0,0.0,1961.0,494.0,0.0,1.0,1.0,0.0
324282,A Level or Equivalent,Pass,1.0,1.0,1.0,1.0,1.0,0.0,38.0,58.0,64.0,74.0,72.0,0.0,133.0,74.0,1.0,1.0,0.0,1.0
331358,HE Qualification,Withdrawn,1.0,0.0,0.0,0.0,0.0,0.0,84.0,0.0,0.0,0.0,0.0,0.0,6588.0,1717.0,1.0,0.0,1.0,1.0
332789,A Level or Equivalent,Pass,1.0,1.0,1.0,1.0,1.0,0.0,69.0,77.0,72.0,78.0,76.0,0.0,1655.0,448.0,1.0,1.0,0.0,1.0
333059,A Level or Equivalent,Pass,1.0,1.0,1.0,1.0,1.0,0.0,72.0,70.0,73.0,74.0,40.0,0.0,301.0,136.0,1.0,1.0,0.0,1.0
333323,HE Qualification,Pass,1.0,1.0,1.0,1.0,1.0,0.0,77.0,78.0,71.0,71.0,75.0,0.0,648.0,178.0,1.0,1.0,0.0,1.0
334259,A Level or Equivalent,Fail,1.0,0.0,1.0,0.0,0.0,0.0,57.0,0.0,49.0,0.0,0.0,0.0,332.0,122.0,0.0,0.0,0.0,0.0
334333,A Level or Equivalent,Withdrawn,1.0,0.0,0.0,0.0,0.0,0.0,36.0,0.0,0.0,0.0,0.0,0.0,303.0,100.0,0.0,0.0,0.0,0.0
335764,A Level or Equivalent,Withdrawn,1.0,1.0,1.0,0.0,0.0,0.0,86.0,87.0,86.0,0.0,0.0,0.0,3928.0,1375.0,1.0,0.0,1.0,1.0
336207,A Level or Equivalent,Pass,1.0,1.0,1.0,1.0,1.0,0.0,71.0,67.0,65.0,75.0,63.0,0.0,1316.0,396.0,1.0,1.0,0.0,1.0
339972,A Level or Equivalent,Pass,1.0,1.0,1.0,1.0,1.0,0.0,68.0,44.0,52.0,37.0,48.0,0.0,333.0,125.0,0.0,1.0,0.0,0.0
341872,Lower Than A Level,Fail,1.0,1.0,1.0,1.0,1.0,0.0,64.0,64.0,63.0,70.0,60.0,0.0,201.0,113.0,1.0,0.0,0.0,1.0
342007,HE Qualification,Withdrawn,1.0,0.0,0.0,0.0,0.0,0.0,75.0,0.0,0.0,0.0,0.0,0.0,3178.0,920.0,1.0,0.0,1.0,1.0
342514,Lower Than A Level,Pass,1.0,1.0,1.0,1.0,1.0,0.0,68.0,74.0,79.0,85.0,80.0,0.0,1950.0,447.0,1.0,1.0,1.0,1.0
342972,HE Qualification,Pass,1.0,1.0,1.0,1.0,1.0,0.0,62.0,57.0,53.0,57.0,73.0,0.0,838.0,323.0,1.0,1.0,0.0,1.0
343446,HE Qualification,Pass,1.0,1.0,1.0,1.0,1.0,0.0,74.0,77.0,78.0,77.0,86.0,0.0,3644.0,1217.0,1.0,1.0,1.0,1.0
344282,A Level or Equivalent,Fail,1.0,1.0,1.0,1.0,1.0,0.0,61.0,53.0,47.0,42.0,43.0,0.0,65.0,53.0,0.0,0.0,0.0,0.0
345068,A Level or Equivalent,Pass,1.0,1.0,1.0,1.0,1.0,0.0,70.0,75.0,80.0,80.0,85.0,0.0,547.0,213.0,1.0,1.0,0.0,1.0
345357,A Level or Equivalent,Distinction,1.0,1.0,1.0,1.0,1.0,0.0,75.0,70.0,81.0,85.0,91.0,0.0,2219.0,737.0,1.0,0.0,1.0,1.0
346025,A Level or Equivalent,Pass,1.0,1.0,1.0,1.0,1.0,0.0,85.0,75.0,82.0,85.0,85.0,0.0,569.0,272.0,1.0,1.0,0.0,1.0
346843,HE Qualification,Fail,0.0,0.0,0.0,0.0,0.0,0.0,0.0,0.0,0.0,0.0,0.0,0.0,164.0,40.0,0.0,0.0,0.0,0.0
350188,HE Qualification,Pass,1.0,1.0,1.0,1.0,1.0,0.0,75.0,75.0,76.0,72.0,71.0,0.0,761.0,316.0,1.0,1.0,0.0,1.0
354858,HE Qualification,Withdrawn,0.0,0.0,0.0,0.0,0.0,0.0,0.0,0.0,0.0,0.0,0.0,0.0,198.0,46.0,0.0,0.0,0.0,0.0
357668,A Level or Equivalent,Fail,1.0,1.0,1.0,0.0,0.0,0.0,49.0,63.0,59.0,0.0,0.0,0.0,166.0,88.0,0.0,0.0,0.0,0.0
364177,Lower Than A Level,Fail,1.0,1.0,1.0,1.0,0.0,0.0,64.0,65.0,75.0,72.0,0.0,0.0,821.0,242.0,1.0,0.0,0.0,1.0
365244,A Level or Equivalent,Pass,1.0,1.0,1.0,1.0,1.0,0.0,64.0,53.0,59.0,50.0,56.0,0.0,891.0,403.0,0.0,1.0,0.0,0.0
365642,Lower Than A Level,Pass,1.0,1.0,1.0,1.0,1.0,0.0,68.0,63.0,77.0,70.0,72.0,0.0,2129.0,755.0,1.0,1.0,1.0,1.0
366483,HE Qualification,Pass,1.0,1.0,1.0,1.0,1.0,0.0,88.0,70.0,82.0,54.0,90.0,0.0,1465.0,488.0,1.0,1.0,0.0,1.0
368194,A Level or Equivalent,Pass,1.0,1.0,1.0,1.0,1.0,0.0,54.0,49.0,58.0,50.0,41.0,0.0,437.0,169.0,0.0,1.0,0.0,0.0
368824,HE Qualification,Fail,1.0,1.0,1.0,1.0,1.0,0.0,61.0,68.0,68.0,39.0,42.0,0.0,292.0,124.0,0.0,0.0,0.0,0.0
368963,Lower Than A Level,Pass,1.0,1.0,1.0,1.0,1.0,0.0,58.0,59.0,73.0,74.0,68.0,0.0,677.0,225.0,1.0,1.0,0.0,1.0
376439,HE Qualification,Distinction,1.0,1.0,1.0,1.0,1.0,0.0,86.0,77.0,89.0,94.0,89.0,0.0,2342.0,761.0,1.0,0.0,1.0,1.0
376581,A Level or Equivalent,Pass,1.0,1.0,1.0,1.0,1.0,0.0,86.0,60.0,62.0,68.0,88.0,0.0,2333.0,627.0,1.0,1.0,1.0,1.0
380953,A Level or Equivalent,Pass,1.0,1.0,1.0,1.0,1.0,0.0,73.0,58.0,68.0,75.0,65.0,0.0,1062.0,374.0,1.0,1.0,0.0,1.0
383254,A Level or Equivalent,Pass,1.0,1.0,1.0,1.0,1.0,0.0,74.0,69.0,85.0,69.0,81.0,0.0,543.0,272.0,1.0,1.0,0.0,1.0
386924,Lower Than A Level,Pass,1.0,1.0,1.0,1.0,1.0,0.0,59.0,65.0,80.0,65.0,70.0,0.0,164.0,96.0,1.0,1.0,0.0,1.0
386952,A Level or Equivalent,Pass,1.0,1.0,1.0,1.0,1.0,0.0,67.0,63.0,71.0,64.0,75.0,0.0,910.0,357.0,1.0,1.0,0.0,1.0
388722,Lower Than A Level,Pass,1.0,1.0,1.0,1.0,1.0,0.0,65.0,54.0,70.0,66.0,64.0,0.0,671.0,222.0,1.0,1.0,0.0,1.0
388885,A Level or Equivalent,Pass,1.0,1.0,1.0,1.0,1.0,0.0,51.0,75.0,54.0,59.0,64.0,0.0,875.0,245.0,1.0,1.0,0.0,1.0
390890,A Level or Equivalent,Withdrawn,1.0,1.0,1.0,0.0,0.0,0.0,75.0,80.0,54.0,0.0,0.0,0.0,997.0,373.0,1.0,0.0,0.0,1.0
392756,A Level or Equivalent,Fail,1.0,1.0,1.0,1.0,1.0,0.0,53.0,25.0,55.0,54.0,38.0,0.0,363.0,167.0,0.0,0.0,0.0,0.0
392931,A Level or Equivalent,Pass,1.0,1.0,1.0,1.0,1.0,0.0,65.0,63.0,75.0,67.0,72.0,0.0,3003.0,958.0,1.0,1.0,1.0,1.0
393207,A Level or Equivalent,Pass,1.0,1.0,1.0,1.0,1.0,0.0,68.0,74.0,75.0,80.0,74.0,0.0,876.0,237.0,1.0,1.0,0.0,1.0
396872,HE Qualification,Pass,1.0,1.0,1.0,1.0,1.0,0.0,63.0,62.0,68.0,54.0,60.0,0.0,996.0,307.0,1.0,1.0,0.0,1.0
398552,Lower Than A Level,Fail,1.0,1.0,1.0,1.0,1.0,0.0,54.0,49.0,47.0,42.0,40.0,0.0,1183.0,323.0,0.0,0.0,0.0,0.0
401869,Lower Than A Level,Pass,1.0,1.0,1.0,1.0,1.0,0.0,55.0,62.0,65.0,68.0,75.0,0.0,955.0,352.0,1.0,1.0,0.0,1.0
402470,Lower Than A Level,Pass,1.0,1.0,1.0,1.0,1.0,0.0,80.0,74.0,80.0,68.0,61.0,0.0,1445.0,346.0,1.0,1.0,0.0,1.0
404804,Lower Than A Level,Pass,1.0,1.0,1.0,1.0,1.0,0.0,52.0,45.0,52.0,40.0,30.0,0.0,509.0,152.0,0.0,1.0,0.0,0.0
405088,A Level or Equivalent,Pass,1.0,1.0,1.0,1.0,1.0,0.0,85.0,72.0,71.0,72.0,86.0,0.0,1388.0,409.0,1.0,1.0,0.0,1.0
405961,A Level or Equivalent,Withdrawn,0.0,0.0,0.0,0.0,0.0,0.0,0.0,0.0,0.0,0.0,0.0,0.0,0.0,0.0,0.0,0.0,0.0,0.0
414117,A Level or Equivalent,Pass,1.0,1.0,1.0,1.0,1.0,0.0,81.0,72.0,70.0,82.0,77.0,0.0,807.0,322.0,1.0,1.0,0.0,1.0
415969,HE Qualification,Withdrawn,1.0,1.0,1.0,0.0,0.0,0.0,67.0,52.0,60.0,0.0,0.0,0.0,1417.0,336.0,0.0,0.0,0.0,0.0
420087,A Level or Equivalent,Fail,1.0,1.0,1.0,0.0,0.0,0.0,80.0,76.0,72.0,0.0,0.0,0.0,342.0,137.0,1.0,0.0,0.0,1.0
429958,A Level or Equivalent,Pass,1.0,1.0,1.0,1.0,1.0,0.0,59.0,56.0,59.0,60.0,58.0,0.0,411.0,125.0,0.0,1.0,0.0,0.0
441018,A Level or Equivalent,Pass,1.0,1.0,1.0,1.0,1.0,0.0,54.0,60.0,54.0,65.0,66.0,0.0,646.0,245.0,0.0,1.0,0.0,0.0
441888,A Level or Equivalent,Pass,1.0,1.0,1.0,1.0,1.0,0.0,74.0,64.0,70.0,77.0,68.0,0.0,739.0,272.0,1.0,1.0,0.0,1.0
442442,HE Qualification,Withdrawn,1.0,1.0,0.0,0.0,0.0,0.0,39.0,42.0,0.0,0.0,0.0,0.0,1009.0,295.0,0.0,0.0,0.0,0.0
444677,HE Qualification,Distinction,1.0,1.0,1.0,1.0,1.0,0.0,91.0,89.0,85.0,89.0,84.0,0.0,1241.0,507.0,1.0,0.0,0.0,1.0
470588,HE Qualification,Withdrawn,1.0,0.0,0.0,0.0,0.0,0.0,86.0,0.0,0.0,0.0,0.0,0.0,842.0,209.0,1.0,0.0,0.0,1.0
489455,A Level or Equivalent,Pass,1.0,1.0,1.0,1.0,1.0,0.0,74.0,68.0,69.0,74.0,68.0,0.0,2832.0,808.0,1.0,1.0,1.0,1.0
494424,A Level or Equivalent,Fail,0.0,0.0,0.0,0.0,0.0,0.0,0.0,0.0,0.0,0.0,0.0,0.0,58.0,21.0,0.0,0.0,0.0,0.0
495284,HE Qualification,Pass,1.0,1.0,1.0,1.0,1.0,0.0,73.0,59.0,68.0,76.0,57.0,0.0,901.0,231.0,1.0,1.0,0.0,1.0
498857,HE Qualification,Pass,1.0,1.0,1.0,1.0,1.0,0.0,77.0,68.0,72.0,75.0,73.0,0.0,998.0,342.0,1.0,1.0,0.0,1.0
508818,A Level or Equivalent,Pass,1.0,1.0,1.0,1.0,1.0,0.0,73.0,78.0,81.0,73.0,54.0,0.0,1129.0,274.0,1.0,1.0,0.0,1.0
512460,HE Qualification,Pass,1.0,1.0,1.0,1.0,1.0,0.0,59.0,78.0,83.0,75.0,67.0,0.0,521.0,235.0,1.0,1.0,0.0,1.0
544103,HE Qualification,Pass,1.0,1.0,1.0,1.0,1.0,0.0,82.0,80.0,80.0,81.0,82.0,0.0,2328.0,714.0,1.0,1.0,1.0,1.0
550383,HE Qualification,Pass,1.0,1.0,1.0,1.0,1.0,0.0,77.0,41.0,76.0,79.0,87.0,0.0,910.0,236.0,1.0,1.0,0.0,1.0
564450,HE Qualification,Fail,1.0,1.0,1.0,1.0,1.0,0.0,64.0,53.0,64.0,63.0,52.0,0.0,224.0,88.0,0.0,0.0,0.0,0.0
568601,HE Qualification,Withdrawn,1.0,1.0,0.0,0.0,0.0,0.0,85.0,78.0,0.0,0.0,0.0,0.0,488.0,84.0,1.0,0.0,0.0,1.0
572652,HE Qualification,Pass,1.0,1.0,1.0,1.0,1.0,0.0,71.0,73.0,78.0,68.0,76.0,0.0,780.0,200.0,1.0,1.0,0.0,1.0
580389,HE Qualification,Pass,1.0,1.0,1.0,1.0,1.0,0.0,75.0,75.0,72.0,68.0,67.0,0.0,1271.0,316.0,1.0,1.0,0.0,1.0
581129,A Level or Equivalent,Fail,0.0,1.0,1.0,0.0,0.0,0.0,0.0,15.0,65.0,0.0,0.0,0.0,194.0,76.0,0.0,0.0,0.0,0.0
588775,A Level or Equivalent,Pass,1.0,1.0,1.0,1.0,1.0,0.0,85.0,81.0,81.0,86.0,81.0,0.0,7067.0,1733.0,1.0,1.0,1.0,1.0
591774,Post Graduate Qualification,Pass,1.0,1.0,1.0,1.0,1.0,0.0,88.0,75.0,80.0,78.0,60.0,0.0,605.0,209.0,1.0,1.0,0.0,1.0
603861,HE Qualification,Withdrawn,1.0,1.0,1.0,1.0,1.0,0.0,61.0,56.0,58.0,69.0,71.0,0.0,1105.0,293.0,1.0,0.0,0.0,1.0
606143,Post Graduate Qualification,Fail,1.0,1.0,0.0,0.0,0.0,0.0,78.0,54.0,0.0,0.0,0.0,0.0,406.0,129.0,1.0,0.0,0.0,1.0
704156,HE Qualification,Pass,1.0,1.0,1.0,1.0,1.0,0.0,67.0,68.0,69.0,56.0,70.0,0.0,3064.0,742.0,1.0,1.0,1.0,1.0
705379,A Level or Equivalent,Distinction,1.0,1.0,1.0,1.0,1.0,0.0,81.0,83.0,82.0,78.0,80.0,0.0,5680.0,1441.0,1.0,0.0,1.0,1.0
721259,Lower Than A Level,Withdrawn,1.0,0.0,0.0,0.0,0.0,0.0,0.0,0.0,0.0,0.0,0.0,0.0,4108.0,881.0,0.0,0.0,1.0,0.0
749412,Lower Than A Level,Pass,1.0,1.0,1.0,1.0,1.0,0.0,83.0,61.0,73.0,78.0,65.0,0.0,4007.0,1177.0,1.0,1.0,1.0,1.0
760729,A Level or Equivalent,Distinction,1.0,1.0,1.0,1.0,1.0,0.0,80.0,80.0,81.0,82.0,83.0,0.0,7288.0,1829.0,1.0,0.0,1.0,1.0
905042,A Level or Equivalent,Pass,1.0,1.0,1.0,1.0,1.0,0.0,64.0,73.0,85.0,80.0,80.0,0.0,3004.0,875.0,1.0,1.0,1.0,1.0
949618,A Level or Equivalent,Pass,1.0,1.0,1.0,1.0,1.0,0.0,63.0,63.0,63.0,72.0,48.0,0.0,1357.0,559.0,1.0,1.0,0.0,1.0
958987,HE Qualification,Pass,1.0,1.0,1.0,1.0,1.0,0.0,78.0,78.0,75.0,77.0,78.0,0.0,1216.0,391.0,1.0,1.0,0.0,1.0
968578,A Level or Equivalent,Pass,1.0,1.0,1.0,1.0,1.0,0.0,62.0,77.0,73.0,72.0,76.0,0.0,870.0,268.0,1.0,1.0,0.0,1.0
969076,A Level or Equivalent,Withdrawn,1.0,1.0,1.0,1.0,0.0,0.0,82.0,62.0,59.0,36.0,0.0,0.0,1980.0,746.0,0.0,0.0,1.0,0.0
971027,HE Qualification,Pass,1.0,1.0,1.0,1.0,1.0,0.0,76.0,68.0,73.0,55.0,68.0,0.0,3098.0,760.0,1.0,1.0,1.0,1.0
978739,HE Qualification,Pass,1.0,1.0,1.0,1.0,1.0,0.0,59.0,58.0,50.0,58.0,58.0,0.0,5988.0,1143.0,0.0,1.0,1.0,0.0
1035023,Lower Than A Level,Pass,1.0,1.0,1.0,1.0,1.0,0.0,73.0,65.0,72.0,68.0,72.0,0.0,1896.0,572.0,1.0,1.0,1.0,1.0
1105478,HE Qualification,Pass,1.0,1.0,1.0,1.0,1.0,0.0,90.0,85.0,80.0,82.0,76.0,0.0,1695.0,512.0,1.0,1.0,0.0,1.0
1352868,A Level or Equivalent,Withdrawn,1.0,1.0,0.0,0.0,0.0,0.0,66.0,65.0,0.0,0.0,0.0,0.0,1732.0,557.0,1.0,0.0,0.0,1.0
1401935,A Level or Equivalent,Fail,1.0,1.0,0.0,0.0,0.0,0.0,45.0,25.0,0.0,0.0,0.0,0.0,240.0,85.0,0.0,0.0,0.0,0.0
1402638,HE Qualification,Pass,1.0,1.0,1.0,1.0,1.0,0.0,77.0,68.0,76.0,80.0,75.0,0.0,910.0,310.0,1.0,1.0,0.0,1.0
1414443,A Level or Equivalent,Fail,1.0,1.0,0.0,0.0,0.0,0.0,58.0,60.0,0.0,0.0,0.0,0.0,1907.0,397.0,0.0,0.0,1.0,0.0
1456619,A Level or Equivalent,Withdrawn,0.0,0.0,0.0,0.0,0.0,0.0,0.0,0.0,0.0,0.0,0.0,0.0,1173.0,327.0,0.0,0.0,0.0,0.0
1465690,HE Qualification,Pass,1.0,1.0,1.0,1.0,1.0,0.0,85.0,76.0,85.0,87.0,76.0,0.0,3460.0,994.0,1.0,1.0,1.0,1.0
1472925,Lower Than A Level,Fail,1.0,1.0,1.0,1.0,1.0,0.0,61.0,54.0,64.0,62.0,67.0,0.0,1462.0,371.0,1.0,0.0,0.0,1.0
1488959,A Level or Equivalent,Pass,1.0,1.0,1.0,1.0,1.0,0.0,67.0,64.0,63.0,64.0,51.0,0.0,3493.0,721.0,1.0,1.0,1.0,1.0
1518989,Lower Than A Level,Pass,1.0,1.0,1.0,1.0,1.0,0.0,78.0,77.0,70.0,70.0,70.0,0.0,4202.0,1183.0,1.0,1.0,1.0,1.0
1618738,Lower Than A Level,Pass,1.0,1.0,1.0,1.0,1.0,0.0,84.0,83.0,81.0,83.0,67.0,0.0,723.0,147.0,1.0,1.0,0.0,1.0
1620151,HE Qualification,Fail,1.0,0.0,1.0,0.0,0.0,0.0,85.0,0.0,70.0,0.0,0.0,0.0,998.0,218.0,1.0,0.0,0.0,1.0
1626710,A Level or Equivalent,Distinction,1.0,1.0,1.0,1.0,1.0,0.0,82.0,85.0,86.0,85.0,85.0,0.0,6025.0,1681.0,1.0,0.0,1.0,1.0
1640609,A Level or Equivalent,Pass,1.0,1.0,1.0,1.0,1.0,0.0,83.0,86.0,85.0,85.0,86.0,0.0,5061.0,1433.0,1.0,1.0,1.0,1.0
1686521,Lower Than A Level,Withdrawn,1.0,0.0,0.0,0.0,0.0,0.0,68.0,0.0,0.0,0.0,0.0,0.0,643.0,201.0,1.0,0.0,0.0,1.0
1729319,HE Qualification,Pass,1.0,1.0,1.0,1.0,1.0,0.0,80.0,78.0,78.0,82.0,73.0,0.0,2756.0,765.0,1.0,1.0,1.0,1.0
1746134,A Level or Equivalent,Pass,1.0,1.0,1.0,1.0,1.0,0.0,83.0,87.0,81.0,83.0,85.0,0.0,1759.0,534.0,1.0,1.0,0.0,1.0
1758449,Lower Than A Level,Withdrawn,1.0,1.0,0.0,0.0,0.0,0.0,65.0,57.0,0.0,0.0,0.0,0.0,2756.0,650.0,1.0,0.0,1.0,1.0
1763015,A Level or Equivalent,Withdrawn,0.0,0.0,0.0,0.0,0.0,0.0,0.0,0.0,0.0,0.0,0.0,0.0,420.0,30.0,0.0,0.0,0.0,0.0
1765788,HE Qualification,Pass,1.0,1.0,1.0,1.0,1.0,0.0,57.0,63.0,67.0,74.0,70.0,0.0,7057.0,1712.0,1.0,1.0,1.0,1.0
1801229,HE Qualification,Pass,1.0,1.0,1.0,1.0,1.0,0.0,79.0,76.0,73.0,78.0,78.0,0.0,1443.0,371.0,1.0,1.0,0.0,1.0
1801641,A Level or Equivalent,Pass,1.0,1.0,1.0,1.0,1.0,0.0,72.0,74.0,80.0,85.0,76.0,0.0,459.0,134.0,1.0,1.0,0.0,1.0
1847830,Lower Than A Level,Pass,1.0,1.0,1.0,1.0,1.0,0.0,83.0,60.0,75.0,73.0,64.0,0.0,6518.0,1623.0,1.0,1.0,1.0,1.0
1860318,Lower Than A Level,Pass,1.0,1.0,1.0,1.0,1.0,0.0,57.0,72.0,62.0,63.0,59.0,0.0,5975.0,1328.0,1.0,1.0,1.0,1.0
1889511,A Level or Equivalent,Pass,1.0,1.0,1.0,1.0,1.0,0.0,72.0,69.0,77.0,78.0,64.0,0.0,1754.0,575.0,1.0,1.0,0.0,1.0
1889577,A Level or Equivalent,Pass,1.0,1.0,1.0,1.0,1.0,0.0,72.0,69.0,84.0,75.0,68.0,0.0,931.0,307.0,1.0,1.0,0.0,1.0
1894188,A Level or Equivalent,Pass,1.0,1.0,1.0,1.0,1.0,0.0,76.0,67.0,70.0,70.0,69.0,0.0,4294.0,490.0,1.0,1.0,1.0,1.0
1938355,A Level or Equivalent,Pass,1.0,1.0,1.0,1.0,1.0,0.0,82.0,50.0,85.0,84.0,64.0,0.0,1992.0,607.0,1.0,1.0,1.0,1.0
1942396,Lower Than A Level,Pass,1.0,1.0,1.0,1.0,1.0,0.0,50.0,50.0,40.0,65.0,63.0,0.0,470.0,164.0,0.0,1.0,0.0,0.0
1970390,Lower Than A Level,Withdrawn,1.0,1.0,1.0,1.0,1.0,0.0,78.0,90.0,90.0,80.0,80.0,0.0,14759.0,2974.0,1.0,0.0,1.0,1.0
1976139,Lower Than A Level,Pass,1.0,1.0,1.0,0.0,1.0,0.0,75.0,76.0,78.0,0.0,40.0,0.0,1216.0,354.0,1.0,1.0,0.0,1.0
2011876,A Level or Equivalent,Pass,1.0,1.0,1.0,1.0,1.0,0.0,79.0,71.0,78.0,77.0,75.0,0.0,1401.0,419.0,1.0,1.0,0.0,1.0
2012966,Lower Than A Level,Pass,1.0,1.0,1.0,1.0,1.0,0.0,75.0,76.0,78.0,81.0,82.0,0.0,519.0,148.0,1.0,1.0,0.0,1.0
2051699,Lower Than A Level,Pass,1.0,1.0,1.0,1.0,1.0,0.0,62.0,71.0,64.0,67.0,69.0,0.0,1734.0,441.0,1.0,1.0,0.0,1.0
2062879,A Level or Equivalent,Fail,1.0,1.0,1.0,1.0,1.0,0.0,56.0,55.0,65.0,65.0,65.0,0.0,2386.0,738.0,1.0,0.0,1.0,1.0
2065691,A Level or Equivalent,Withdrawn,1.0,1.0,1.0,0.0,0.0,0.0,30.0,40.0,37.0,0.0,0.0,0.0,1430.0,248.0,0.0,0.0,0.0,0.0
2073016,Lower Than A Level,Withdrawn,1.0,1.0,1.0,0.0,0.0,0.0,60.0,53.0,68.0,0.0,0.0,0.0,1022.0,404.0,1.0,0.0,0.0,1.0
2080474,A Level or Equivalent,Pass,1.0,1.0,1.0,1.0,1.0,0.0,88.0,64.0,72.0,60.0,64.0,0.0,1146.0,361.0,1.0,1.0,0.0,1.0
2083877,A Level or Equivalent,Pass,1.0,1.0,1.0,1.0,1.0,0.0,72.0,64.0,68.0,60.0,75.0,0.0,685.0,258.0,1.0,1.0,0.0,1.0
2084066,Lower Than A Level,Fail,1.0,1.0,1.0,1.0,0.0,0.0,65.0,60.0,62.0,52.0,0.0,0.0,1967.0,465.0,0.0,0.0,1.0,0.0
2104505,Lower Than A Level,Pass,1.0,1.0,1.0,1.0,1.0,0.0,80.0,69.0,49.0,65.0,65.0,0.0,701.0,197.0,1.0,1.0,0.0,1.0
2122180,Lower Than A Level,Distinction,1.0,1.0,1.0,1.0,1.0,0.0,86.0,80.0,82.0,79.0,85.0,0.0,4712.0,977.0,1.0,0.0,1.0,1.0
2139353,A Level or Equivalent,Withdrawn,1.0,1.0,1.0,0.0,0.0,0.0,65.0,62.0,71.0,0.0,0.0,0.0,2388.0,801.0,1.0,0.0,1.0,1.0
2143752,Lower Than A Level,Pass,1.0,1.0,1.0,1.0,1.0,0.0,50.0,56.0,52.0,52.0,53.0,0.0,1888.0,352.0,0.0,1.0,1.0,0.0
2146792,HE Qualification,Pass,1.0,1.0,1.0,1.0,1.0,0.0,68.0,60.0,78.0,76.0,68.0,0.0,2385.0,720.0,1.0,1.0,1.0,1.0
2149225,A Level or Equivalent,Withdrawn,0.0,0.0,0.0,0.0,0.0,0.0,0.0,0.0,0.0,0.0,0.0,0.0,319.0,88.0,0.0,0.0,0.0,0.0
2153153,A Level or Equivalent,Pass,1.0,1.0,1.0,1.0,1.0,0.0,61.0,67.0,71.0,55.0,57.0,0.0,3385.0,821.0,1.0,1.0,1.0,1.0
2155014,Lower Than A Level,Pass,1.0,1.0,1.0,1.0,1.0,0.0,76.0,64.0,73.0,79.0,77.0,0.0,1454.0,306.0,1.0,1.0,0.0,1.0
2164705,A Level or Equivalent,Fail,1.0,0.0,0.0,0.0,0.0,0.0,70.0,0.0,0.0,0.0,0.0,0.0,231.0,76.0,1.0,0.0,0.0,1.0
2171627,A Level or Equivalent,Pass,1.0,1.0,1.0,1.0,1.0,0.0,71.0,67.0,72.0,70.0,65.0,0.0,1346.0,398.0,1.0,1.0,0.0,1.0
2182846,A Level or Equivalent,Pass,1.0,1.0,1.0,1.0,1.0,0.0,65.0,63.0,64.0,70.0,68.0,0.0,4214.0,1383.0,1.0,1.0,1.0,1.0
2194100,A Level or Equivalent,Pass,1.0,1.0,1.0,1.0,1.0,0.0,64.0,61.0,66.0,80.0,65.0,0.0,1401.0,434.0,1.0,1.0,0.0,1.0
2197016,HE Qualification,Pass,1.0,1.0,1.0,1.0,1.0,0.0,75.0,75.0,76.0,76.0,76.0,0.0,1455.0,415.0,1.0,1.0,0.0,1.0
2208424,A Level or Equivalent,Pass,1.0,1.0,1.0,1.0,1.0,0.0,73.0,57.0,81.0,85.0,60.0,0.0,1080.0,374.0,1.0,1.0,0.0,1.0
2229865,A Level or Equivalent,Pass,1.0,1.0,1.0,1.0,1.0,0.0,73.0,76.0,75.0,78.0,80.0,0.0,3236.0,911.0,1.0,1.0,1.0,1.0
2255601,A Level or Equivalent,Withdrawn,1.0,1.0,0.0,0.0,0.0,0.0,71.0,38.0,0.0,0.0,0.0,0.0,2543.0,618.0,0.0,0.0,1.0,0.0
2268379,A Level or Equivalent,Pass,1.0,1.0,1.0,1.0,1.0,0.0,80.0,79.0,83.0,87.0,86.0,0.0,1685.0,624.0,1.0,1.0,0.0,1.0
2278464,Lower Than A Level,Pass,1.0,1.0,1.0,1.0,1.0,0.0,60.0,50.0,58.0,54.0,35.0,0.0,307.0,111.0,0.0,1.0,0.0,0.0
2293923,A Level or Equivalent,Pass,1.0,1.0,1.0,1.0,1.0,0.0,72.0,59.0,52.0,58.0,65.0,0.0,303.0,110.0,1.0,1.0,0.0,1.0
2312620,HE Qualification,Withdrawn,1.0,1.0,1.0,0.0,0.0,0.0,11.0,51.0,34.0,0.0,0.0,0.0,1129.0,315.0,0.0,0.0,0.0,0.0
2318055,A Level or Equivalent,Withdrawn,0.0,0.0,0.0,0.0,0.0,0.0,0.0,0.0,0.0,0.0,0.0,0.0,1726.0,501.0,0.0,0.0,0.0,0.0
2324976,HE Qualification,Withdrawn,0.0,0.0,0.0,0.0,0.0,0.0,0.0,0.0,0.0,0.0,0.0,0.0,0.0,0.0,0.0,0.0,0.0,0.0
2329342,Lower Than A Level,Pass,1.0,1.0,1.0,1.0,1.0,0.0,56.0,54.0,60.0,44.0,72.0,0.0,565.0,194.0,0.0,1.0,0.0,0.0
2339528,Lower Than A Level,Distinction,1.0,1.0,1.0,1.0,1.0,0.0,76.0,74.0,84.0,85.0,81.0,0.0,593.0,155.0,1.0,0.0,0.0,1.0
2342426,Lower Than A Level,Fail,1.0,1.0,1.0,1.0,1.0,0.0,70.0,67.0,71.0,78.0,80.0,0.0,1814.0,518.0,1.0,0.0,1.0,1.0
2344901,A Level or Equivalent,Fail,1.0,1.0,1.0,1.0,0.0,0.0,67.0,45.0,35.0,59.0,0.0,0.0,445.0,144.0,0.0,0.0,0.0,0.0
2358056,HE Qualification,Fail,1.0,1.0,1.0,1.0,1.0,0.0,56.0,60.0,79.0,68.0,76.0,0.0,1588.0,544.0,1.0,0.0,0.0,1.0
2358969,A Level or Equivalent,Withdrawn,1.0,0.0,0.0,0.0,0.0,0.0,68.0,0.0,0.0,0.0,0.0,0.0,2106.0,625.0,1.0,0.0,1.0,1.0
2364471,HE Qualification,Pass,1.0,1.0,1.0,1.0,1.0,0.0,90.0,85.0,85.0,85.0,72.0,0.0,7182.0,2230.0,1.0,1.0,1.0,1.0
2365101,HE Qualification,Withdrawn,0.0,0.0,0.0,0.0,0.0,0.0,0.0,0.0,0.0,0.0,0.0,0.0,0.0,0.0,0.0,0.0,0.0,0.0
2367155,A Level or Equivalent,Pass,1.0,1.0,1.0,1.0,1.0,0.0,63.0,85.0,80.0,86.0,64.0,0.0,2148.0,510.0,1.0,1.0,1.0,1.0
2369266,Lower Than A Level,Pass,1.0,1.0,1.0,1.0,1.0,0.0,50.0,50.0,40.0,57.0,56.0,0.0,2146.0,480.0,0.0,1.0,1.0,0.0
2376496,A Level or Equivalent,Pass,1.0,1.0,1.0,1.0,1.0,0.0,64.0,72.0,70.0,76.0,85.0,0.0,749.0,302.0,1.0,1.0,0.0,1.0
2391984,A Level or Equivalent,Withdrawn,1.0,1.0,1.0,1.0,0.0,0.0,75.0,74.0,75.0,68.0,0.0,0.0,818.0,188.0,1.0,0.0,0.0,1.0
2411661,A Level or Equivalent,Fail,1.0,1.0,1.0,1.0,1.0,0.0,55.0,57.0,40.0,42.0,40.0,0.0,574.0,125.0,0.0,0.0,0.0,0.0
2411778,HE Qualification,Withdrawn,1.0,1.0,0.0,0.0,0.0,0.0,77.0,83.0,0.0,0.0,0.0,0.0,1497.0,239.0,1.0,0.0,0.0,1.0
2412002,Lower Than A Level,Distinction,1.0,1.0,1.0,1.0,1.0,0.0,86.0,72.0,81.0,86.0,89.0,0.0,3344.0,976.0,1.0,0.0,1.0,1.0
2412967,A Level or Equivalent,Pass,1.0,1.0,1.0,1.0,1.0,0.0,80.0,77.0,80.0,72.0,79.0,0.0,2458.0,698.0,1.0,1.0,1.0,1.0
2429854,A Level or Equivalent,Withdrawn,1.0,0.0,0.0,0.0,0.0,0.0,51.0,0.0,0.0,0.0,0.0,0.0,953.0,251.0,0.0,0.0,0.0,0.0
2437837,A Level or Equivalent,Pass,1.0,1.0,1.0,1.0,1.0,0.0,67.0,77.0,69.0,87.0,72.0,0.0,2684.0,676.0,1.0,1.0,1.0,1.0
2449878,A Level or Equivalent,Pass,1.0,1.0,1.0,1.0,1.0,0.0,66.0,60.0,57.0,55.0,65.0,0.0,622.0,261.0,1.0,1.0,0.0,1.0
2456480,Lower Than A Level,Fail,1.0,1.0,1.0,0.0,0.0,0.0,40.0,34.0,0.0,0.0,0.0,0.0,183.0,73.0,0.0,0.0,0.0,0.0
2457256,Lower Than A Level,Pass,1.0,1.0,1.0,1.0,1.0,0.0,60.0,60.0,85.0,80.0,65.0,0.0,1611.0,425.0,1.0,1.0,0.0,1.0
2458355,Lower Than A Level,Pass,1.0,1.0,1.0,1.0,1.0,0.0,88.0,86.0,95.0,92.0,92.0,0.0,4187.0,1148.0,1.0,1.0,1.0,1.0
2460080,HE Qualification,Pass,1.0,1.0,1.0,1.0,1.0,0.0,85.0,86.0,77.0,78.0,68.0,0.0,3424.0,696.0,1.0,1.0,1.0,1.0
2461190,HE Qualification,Fail,1.0,1.0,0.0,0.0,0.0,0.0,62.0,50.0,0.0,0.0,0.0,0.0,967.0,238.0,0.0,0.0,0.0,0.0
2469673,Lower Than A Level,Fail,0.0,1.0,1.0,1.0,1.0,0.0,0.0,51.0,52.0,30.0,45.0,0.0,523.0,165.0,0.0,0.0,0.0,0.0
2470694,HE Qualification,Withdrawn,0.0,1.0,0.0,0.0,0.0,0.0,0.0,67.0,0.0,0.0,0.0,0.0,3115.0,1051.0,1.0,0.0,1.0,1.0
2479954,A Level or Equivalent,Pass,1.0,1.0,1.0,1.0,1.0,0.0,77.0,83.0,82.0,78.0,78.0,0.0,323.0,129.0,1.0,1.0,0.0,1.0
2481901,Lower Than A Level,Pass,1.0,1.0,1.0,1.0,1.0,0.0,82.0,72.0,83.0,70.0,72.0,0.0,1949.0,498.0,1.0,1.0,1.0,1.0
2482700,Lower Than A Level,Pass,1.0,1.0,1.0,1.0,1.0,0.0,63.0,50.0,52.0,48.0,65.0,0.0,1616.0,413.0,0.0,1.0,0.0,0.0
2486127,HE Qualification,Pass,1.0,1.0,1.0,1.0,1.0,0.0,70.0,67.0,76.0,77.0,78.0,0.0,1690.0,576.0,1.0,1.0,0.0,1.0
2498700,Lower Than A Level,Pass,1.0,1.0,1.0,1.0,1.0,0.0,74.0,76.0,77.0,78.0,81.0,0.0,2864.0,852.0,1.0,1.0,1.0,1.0
2516503,HE Qualification,Pass,1.0,1.0,1.0,1.0,1.0,0.0,82.0,75.0,82.0,78.0,80.0,0.0,3070.0,1063.0,1.0,1.0,1.0,1.0
2518069,A Level or Equivalent,Pass,1.0,1.0,1.0,1.0,1.0,0.0,74.0,75.0,80.0,79.0,75.0,0.0,1617.0,447.0,1.0,1.0,0.0,1.0
2521459,Lower Than A Level,Pass,1.0,1.0,1.0,1.0,1.0,0.0,63.0,50.0,54.0,67.0,70.0,0.0,1078.0,363.0,1.0,1.0,0.0,1.0
2523736,A Level or Equivalent,Pass,1.0,1.0,1.0,1.0,0.0,0.0,58.0,64.0,62.0,63.0,0.0,0.0,470.0,228.0,1.0,1.0,0.0,1.0
2529279,HE Qualification,Pass,1.0,1.0,1.0,1.0,1.0,0.0,71.0,80.0,75.0,85.0,79.0,0.0,1189.0,336.0,1.0,1.0,0.0,1.0
2532302,A Level or Equivalent,Pass,1.0,1.0,1.0,1.0,1.0,0.0,69.0,72.0,64.0,71.0,40.0,0.0,1216.0,358.0,1.0,1.0,0.0,1.0
2536991,HE Qualification,Distinction,1.0,1.0,1.0,1.0,1.0,0.0,72.0,72.0,80.0,82.0,98.0,0.0,1080.0,392.0,1.0,0.0,0.0,1.0
2542724,Lower Than A Level,Withdrawn,0.0,0.0,0.0,0.0,0.0,0.0,0.0,0.0,0.0,0.0,0.0,0.0,228.0,61.0,0.0,0.0,0.0,0.0
2550279,HE Qualification,Pass,1.0,1.0,1.0,1.0,1.0,0.0,62.0,59.0,62.0,66.0,64.0,0.0,2809.0,663.0,1.0,1.0,1.0,1.0
2551220,Lower Than A Level,Pass,1.0,1.0,1.0,1.0,1.0,0.0,77.0,54.0,67.0,63.0,63.0,0.0,1327.0,503.0,1.0,1.0,0.0,1.0
2552472,HE Qualification,Withdrawn,1.0,1.0,0.0,0.0,0.0,0.0,62.0,45.0,0.0,0.0,0.0,0.0,519.0,93.0,0.0,0.0,0.0,0.0
2555340,HE Qualification,Pass,1.0,1.0,1.0,1.0,1.0,0.0,94.0,75.0,70.0,84.0,80.0,0.0,4441.0,1038.0,1.0,1.0,1.0,1.0
2557283,HE Qualification,Pass,1.0,1.0,1.0,1.0,1.0,0.0,75.0,72.0,88.0,92.0,79.0,0.0,7262.0,1808.0,1.0,1.0,1.0,1.0
2559575,Lower Than A Level,Pass,1.0,1.0,1.0,1.0,1.0,0.0,54.0,64.0,85.0,80.0,73.0,0.0,650.0,218.0,1.0,1.0,0.0,1.0
2562034,A Level or Equivalent,Pass,1.0,1.0,1.0,1.0,1.0,0.0,70.0,62.0,60.0,65.0,70.0,0.0,248.0,67.0,1.0,1.0,0.0,1.0
2566163,A Level or Equivalent,Pass,1.0,1.0,1.0,1.0,1.0,0.0,87.0,55.0,65.0,74.0,78.0,0.0,1591.0,416.0,1.0,1.0,0.0,1.0
2566592,A Level or Equivalent,Pass,1.0,1.0,1.0,1.0,1.0,0.0,86.0,57.0,60.0,70.0,86.0,0.0,1359.0,387.0,1.0,1.0,0.0,1.0
2569324,A Level or Equivalent,Withdrawn,0.0,0.0,0.0,0.0,0.0,0.0,0.0,0.0,0.0,0.0,0.0,0.0,493.0,201.0,0.0,0.0,0.0,0.0
2574528,HE Qualification,Pass,1.0,1.0,1.0,1.0,1.0,0.0,63.0,72.0,78.0,82.0,82.0,0.0,988.0,396.0,1.0,1.0,0.0,1.0
2574583,Lower Than A Level,Pass,1.0,1.0,1.0,1.0,1.0,0.0,66.0,71.0,75.0,65.0,77.0,0.0,1890.0,428.0,1.0,1.0,1.0,1.0
2576122,A Level or Equivalent,Withdrawn,1.0,0.0,0.0,0.0,0.0,0.0,64.0,0.0,0.0,0.0,0.0,0.0,261.0,90.0,1.0,0.0,0.0,1.0
2578995,A Level or Equivalent,Pass,1.0,1.0,1.0,1.0,1.0,0.0,75.0,84.0,81.0,78.0,80.0,0.0,1326.0,477.0,1.0,1.0,0.0,1.0
2586560,Lower Than A Level,Pass,1.0,1.0,1.0,1.0,1.0,0.0,75.0,65.0,84.0,77.0,67.0,0.0,2905.0,729.0,1.0,1.0,1.0,1.0
2594139,A Level or Equivalent,Pass,1.0,1.0,1.0,1.0,1.0,0.0,87.0,73.0,79.0,79.0,62.0,0.0,1868.0,302.0,1.0,1.0,1.0,1.0
2598871,A Level or Equivalent,Pass,1.0,1.0,1.0,1.0,1.0,0.0,66.0,66.0,78.0,73.0,80.0,0.0,2049.0,549.0,1.0,1.0,1.0,1.0
2599352,A Level or Equivalent,Pass,1.0,1.0,1.0,1.0,1.0,0.0,80.0,75.0,77.0,77.0,73.0,0.0,1160.0,328.0,1.0,1.0,0.0,1.0
2600688,A Level or Equivalent,Pass,1.0,1.0,1.0,1.0,1.0,0.0,64.0,72.0,72.0,77.0,65.0,0.0,582.0,146.0,1.0,1.0,0.0,1.0
2606098,A Level or Equivalent,Pass,1.0,1.0,1.0,1.0,1.0,0.0,70.0,70.0,71.0,68.0,78.0,0.0,491.0,198.0,1.0,1.0,0.0,1.0
2613116,Lower Than A Level,Pass,1.0,1.0,1.0,1.0,1.0,0.0,68.0,70.0,85.0,84.0,84.0,0.0,1181.0,264.0,1.0,1.0,0.0,1.0
2617002,A Level or Equivalent,Pass,1.0,1.0,1.0,1.0,1.0,0.0,67.0,53.0,67.0,66.0,71.0,0.0,1473.0,423.0,1.0,1.0,0.0,1.0
2620584,A Level or Equivalent,Fail,0.0,0.0,0.0,0.0,0.0,0.0,0.0,0.0,0.0,0.0,0.0,0.0,92.0,29.0,0.0,0.0,0.0,0.0
2639449,A Level or Equivalent,Pass,1.0,1.0,1.0,0.0,1.0,0.0,67.0,68.0,49.0,0.0,40.0,0.0,797.0,303.0,0.0,1.0,0.0,0.0
2639540,A Level or Equivalent,Pass,1.0,1.0,1.0,1.0,1.0,0.0,76.0,78.0,80.0,82.0,81.0,0.0,1964.0,789.0,1.0,1.0,1.0,1.0
2639641,Lower Than A Level,Pass,1.0,1.0,1.0,1.0,1.0,0.0,66.0,59.0,58.0,70.0,75.0,0.0,2042.0,628.0,1.0,1.0,1.0,1.0
2641155,Lower Than A Level,Pass,1.0,1.0,1.0,1.0,1.0,0.0,78.0,81.0,79.0,80.0,78.0,0.0,4109.0,1329.0,1.0,1.0,1.0,1.0
2643002,A Level or Equivalent,Pass,1.0,1.0,1.0,1.0,1.0,0.0,49.0,64.0,59.0,59.0,25.0,0.0,2434.0,784.0,0.0,1.0,1.0,0.0
2645733,A Level or Equivalent,Pass,1.0,1.0,1.0,1.0,1.0,0.0,87.0,81.0,83.0,89.0,73.0,0.0,1596.0,543.0,1.0,1.0,0.0,1.0
2649826,Lower Than A Level,Distinction,1.0,1.0,1.0,1.0,1.0,0.0,75.0,82.0,85.0,87.0,88.0,0.0,5974.0,1562.0,1.0,0.0,1.0,1.0
2650282,A Level or Equivalent,Pass,1.0,1.0,1.0,1.0,1.0,0.0,83.0,84.0,85.0,85.0,84.0,0.0,641.0,260.0,1.0,1.0,0.0,1.0
2664024,HE Qualification,Pass,1.0,1.0,1.0,1.0,1.0,0.0,48.0,58.0,64.0,68.0,78.0,0.0,808.0,288.0,1.0,1.0,0.0,1.0
2666246,A Level or Equivalent,Pass,1.0,1.0,1.0,1.0,1.0,0.0,76.0,76.0,74.0,76.0,78.0,0.0,612.0,231.0,1.0,1.0,0.0,1.0
2669816,A Level or Equivalent,Fail,1.0,1.0,1.0,1.0,1.0,0.0,67.0,68.0,66.0,50.0,35.0,0.0,280.0,137.0,0.0,0.0,0.0,0.0
2671132,HE Qualification,Pass,1.0,1.0,1.0,1.0,1.0,0.0,59.0,69.0,78.0,69.0,69.0,0.0,3720.0,683.0,1.0,1.0,1.0,1.0
2676809,HE Qualification,Fail,1.0,1.0,1.0,0.0,0.0,0.0,46.0,36.0,48.0,0.0,0.0,0.0,309.0,134.0,0.0,0.0,0.0,0.0
2678643,A Level or Equivalent,Pass,1.0,1.0,1.0,1.0,1.0,0.0,83.0,80.0,66.0,62.0,66.0,0.0,2287.0,582.0,1.0,1.0,1.0,1.0
2685865,Lower Than A Level,Pass,1.0,1.0,1.0,1.0,1.0,0.0,74.0,77.0,83.0,82.0,77.0,0.0,2815.0,878.0,1.0,1.0,1.0,1.0
2688067,A Level or Equivalent,Pass,1.0,1.0,1.0,1.0,1.0,0.0,70.0,62.0,63.0,68.0,76.0,0.0,289.0,75.0,1.0,1.0,0.0,1.0
2689958,A Level or Equivalent,Distinction,1.0,1.0,1.0,1.0,1.0,0.0,86.0,78.0,80.0,82.0,82.0,0.0,3929.0,1744.0,1.0,0.0,1.0,1.0
2691206,A Level or Equivalent,Distinction,1.0,1.0,1.0,1.0,1.0,0.0,86.0,85.0,78.0,90.0,85.0,0.0,2297.0,825.0,1.0,0.0,1.0,1.0
2691244,A Level or Equivalent,Pass,0.0,1.0,1.0,1.0,1.0,0.0,0.0,57.0,60.0,54.0,62.0,0.0,472.0,224.0,0.0,1.0,0.0,0.0
2694424,A Level or Equivalent,Pass,1.0,1.0,1.0,1.0,1.0,0.0,89.0,74.0,80.0,94.0,60.0,0.0,4218.0,1255.0,1.0,1.0,1.0,1.0
2698257,Lower Than A Level,Pass,1.0,1.0,1.0,1.0,1.0,0.0,58.0,64.0,76.0,67.0,74.0,0.0,758.0,267.0,1.0,1.0,0.0,1.0
